[L.C. Cage Fighters]
RingCenter=-147.3509,1986.372,10.7097
ActivationSpot=-150.9064,1980.082,10.70783

[Brucies Fight Club]
RingCenter=1024.677,644.3552,27.83578
ActivationSpot=1033.677,646.1982,27.83634