[L.C. Cage Fighters]
RingCenter=-147.3509,1986.372,10.7097
ActivationSpot=-150.9064,1980.082,10.70783

[Brucies Fight Club]
RingCenter=1024.677,644.3552,27.83578
ActivationSpot=1033.677,646.1982,27.83634

[Catfish View]
RingCenter=3930.003,4392.443,16.56035
ActivationSpot=3919.91,4389.183,16.46597

[Vinewood Bowl]
RingCenter=202.2516,1166.585,227.0049
ActivationSpot=205.2907,1154.316,227.009